random_forest: 0.9637096774193549
svm: 0.9395161290322581
decision_tree: 0.9274193548387096
knn: 0.9354838709677419
